Time (s), Heater (%), Temperature (°C)
0.000000000000000000e+00,0.000000000000000000e+00,3.000000000000000000e+01
1.500000000000000000e+01,0.000000000000000000e+00,3.000000000000000000e+01
3.000000000000000000e+01,0.000000000000000000e+00,3.000000000000000000e+01
4.500000000000000000e+01,0.000000000000000000e+00,3.000000000000000000e+01
6.000000000000000000e+01,0.000000000000000000e+00,3.000000000000000000e+01
7.500000000000000000e+01,1.000000000000000000e+02,3.000000000000000000e+01
9.000000000000000000e+01,1.000000000000000000e+02,4.000548457134914315e+01
1.050000000000000000e+02,1.000000000000000000e+02,4.905284092670416385e+01
1.200000000000000000e+02,1.000000000000000000e+02,5.719329417469316468e+01
1.350000000000000000e+02,1.000000000000000000e+02,6.448330046297542140e+01
1.500000000000000000e+02,1.000000000000000000e+02,7.098287855972432681e+01
1.650000000000000000e+02,1.000000000000000000e+02,7.675395316440460647e+01
1.800000000000000000e+02,7.283389689552988955e+01,8.185882078253570171e+01
1.950000000000000000e+02,3.859551254387201880e+01,8.368094752411877835e+01
2.100000000000000000e+02,2.724435574242919245e+01,8.190964133411904413e+01
2.250000000000000000e+02,3.985058718731305305e+01,7.922814323363223821e+01
2.400000000000000000e+02,5.790854381017634722e+01,7.810549886957215904e+01
2.550000000000000000e+02,6.501120464692773737e+01,7.889702871212051605e+01
2.700000000000000000e+02,5.928830546615878916e+01,8.029731357598200248e+01
2.850000000000000000e+02,4.983003455566284146e+01,8.096823107229010930e+01
3.000000000000000000e+02,4.553884008501305658e+01,8.062671255304235274e+01
3.150000000000000000e+02,4.804736976283236771e+01,7.990189549665393542e+01
3.300000000000000000e+02,5.295965945768460870e+01,7.950979991495563581e+01
3.450000000000000000e+02,5.549010160718999884e+01,7.964859998570591415e+01
3.600000000000000000e+02,5.444127174363877941e+01,8.002091804961060006e+01
3.750000000000000000e+02,5.190934723215271873e+01,8.024599402630229861e+01
3.900000000000000000e+02,5.044671528110684733e+01,8.019471408948567159e+01
4.050000000000000000e+02,5.085278717650317049e+01,8.000509542057005774e+01
4.200000000000000000e+02,5.214681120759670563e+01,7.987782711860029394e+01
4.350000000000000000e+02,5.297884694708575637e+01,7.989322984252225979e+01
4.500000000000000000e+02,5.284276611631118925e+01,7.998895442526173838e+01
4.650000000000000000e+02,5.218702181721581468e+01,8.006000734322179824e+01
4.800000000000000000e+02,5.172014017487873616e+01,8.005798963171810101e+01
4.950000000000000000e+02,5.175075388798980924e+01,8.001012512635298890e+01
5.100000000000000000e+02,5.207997139592897895e+01,7.997090323957240798e+01
5.250000000000000000e+02,5.233887273454053712e+01,7.996878280343389633e+01
5.400000000000000000e+02,5.234424541031805944e+01,7.999246686221056279e+01
5.550000000000000000e+02,5.218060697713350038e+01,8.001390024745978735e+01
5.700000000000000000e+02,5.203854657943746531e+01,8.001666451697479943e+01
5.850000000000000000e+02,5.202455020413228226e+01,8.000508189059064534e+01
6.000000000000000000e+02,5.210498277239203446e+01,7.999347785405319655e+01
6.150000000000000000e+02,5.218218664440910004e+01,7.999117565545367370e+01
6.300000000000000000e+02,5.219531320169934929e+01,7.999676435243338801e+01
6.450000000000000000e+02,5.215627571779380389e+01,8.000299248774069838e+01
6.600000000000000000e+02,5.211469108572403286e+01,8.000463601145520443e+01
6.750000000000000000e+02,5.210483617367220432e+01,8.000198185657433214e+01
6.900000000000000000e+02,5.212350505544002743e+01,7.999866662217942803e+01
7.050000000000000000e+02,5.214571605699547518e+01,7.999758342584328830e+01
7.200000000000000000e+02,5.215239694491442890e+01,7.999881980256088809e+01
7.350000000000000000e+02,5.214362570171983435e+01,8.000057044791952876e+01
7.500000000000000000e+02,5.213185807327042909e+01,8.000124974126066490e+01
7.650000000000000000e+02,5.212759106520784513e+01,8.000068772269395367e+01
7.800000000000000000e+02,5.213162218393938474e+01,7.999977051655162086e+01
7.950000000000000000e+02,5.213780771753118159e+01,7.999935891260497556e+01
8.100000000000000000e+02,5.214042701318644646e+01,7.999960619595861999e+01
8.250000000000000000e+02,5.213862682337767041e+01,8.000008298454815758e+01
8.400000000000000000e+02,5.213540085533223589e+01,8.000032609503693948e+01
8.550000000000000000e+02,5.213383850294133737e+01,8.000022223301971280e+01
8.700000000000000000e+02,5.213461113390473400e+01,7.999997635213395597e+01
8.850000000000000000e+02,5.213628034173653703e+01,7.999983560784653491e+01
9.000000000000000000e+02,5.213719193206301838e+01,7.999987615275853159e+01
9.150000000000000000e+02,5.213687952867035591e+01,8.000000191690469364e+01
9.300000000000000000e+02,5.213602279493849068e+01,8.000008207680951955e+01
9.450000000000000000e+02,5.213550024528367999e+01,8.000006825841728642e+01
9.600000000000000000e+02,5.213561429434317063e+01,8.000000448341529591e+01
9.750000000000000000e+02,5.213605033082844642e+01,7.999995945463234648e+01
9.900000000000000000e+02,5.213634548355943821e+01,7.999996275315874072e+01
1.005000000000000000e+03,5.213631216492130704e+01,7.999999479795633306e+01
1.020000000000000000e+03,5.213609221338767696e+01,8.000001979110840011e+01
1.035000000000000000e+03,5.213592760008676663e+01,8.000002013870749806e+01
1.050000000000000000e+03,5.213593108821566346e+01,8.000000419702661247e+01
1.065000000000000000e+03,5.213604097797200865e+01,7.999999047160343935e+01
1.080000000000000000e+03,5.213613176804649640e+01,7.999998920476457442e+01
1.095000000000000000e+03,5.213613726372724244e+01,7.999999704828820768e+01
1.110000000000000000e+03,5.213608293855968157e+01,8.000000451324586948e+01
1.125000000000000000e+03,5.213603336522346865e+01,8.000000573936222281e+01
1.140000000000000000e+03,5.213602667657206524e+01,8.000000192827286583e+01
1.155000000000000000e+03,5.213605321632975631e+01,7.999999790448572412e+01
1.170000000000000000e+03,5.213608003560759840e+01,7.999999697284897593e+01
1.185000000000000000e+03,5.213608550577313139e+01,7.999999879785673329e+01
1.200000000000000000e+03,5.213607271566041135e+01,8.000000094850537380e+01
1.215000000000000000e+03,5.213605833130585410e+01,8.000000158414178486e+01
1.230000000000000000e+03,5.213605445915600001e+01,8.000000072530394846e+01
1.245000000000000000e+03,5.213606052452473705e+01,7.999999958510750275e+01
1.260000000000000000e+03,5.213606817617858979e+01,7.999999917749238421e+01
1.275000000000000000e+03,5.213607071551555094e+01,7.999999957301230324e+01
1.290000000000000000e+03,5.213606789519568707e+01,8.000000017273828234e+01
1.305000000000000000e+03,5.213606385731239357e+01,8.000000042365627451e+01
1.320000000000000000e+03,5.213606227011553784e+01,8.000000024654337949e+01
1.335000000000000000e+03,5.213606354914322338e+01,7.999999993356084360e+01
1.350000000000000000e+03,5.213606566331397829e+01,7.999999978357914188e+01
1.365000000000000000e+03,5.213606662273955550e+01,7.999999985989222751e+01
1.380000000000000000e+03,5.213606606178677794e+01,8.000000002194616400e+01
1.395000000000000000e+03,5.213606496350431030e+01,8.000000010960093277e+01
1.410000000000000000e+03,5.213606439786965296e+01,8.000000007855487638e+01
1.425000000000000000e+03,5.213606463234901156e+01,7.999999999532235506e+01
1.440000000000000000e+03,5.213606519835628461e+01,7.999999994500814182e+01
1.455000000000000000e+03,5.213606552533711636e+01,7.999999995647078777e+01
1.470000000000000000e+03,5.213606543453803255e+01,7.999999999886279056e+01
1.485000000000000000e+03,5.213606514523495150e+01,8.000000002731445647e+01
1.500000000000000000e+03,5.213606495923471584e+01,8.000000002386894948e+01
1.515000000000000000e+03,5.213606498966465352e+01,8.000000000246848231e+01
1.530000000000000000e+03,5.213606513626233863e+01,7.999999998658461209e+01
1.545000000000000000e+03,5.213606524063509795e+01,7.999999998703611936e+01
1.560000000000000000e+03,5.213606523378746971e+01,7.999999999773683612e+01
1.575000000000000000e+03,5.213606516018553805e+01,8.000000000650516085e+01
1.590000000000000000e+03,5.213606510230587787e+01,8.000000000697895075e+01
1.605000000000000000e+03,5.213606510110671621e+01,8.000000000168392944e+01
1.620000000000000000e+03,5.213606513769144613e+01,7.999999999689225660e+01
1.635000000000000000e+03,5.213606516945056768e+01,7.999999999627442548e+01
1.650000000000000000e+03,5.213606517257910156e+01,7.999999999886392743e+01
1.665000000000000000e+03,5.213606515459589019e+01,8.000000000145826107e+01
1.680000000000000000e+03,5.213606513733500947e+01,8.000000000197292138e+01
1.695000000000000000e+03,5.213606513440110035e+01,8.000000000072333251e+01
1.710000000000000000e+03,5.213606514312933626e+01,7.999999999933089612e+01
1.725000000000000000e+03,5.213606515242634742e+01,7.999999999896351710e+01
1.740000000000000000e+03,5.213606515462910096e+01,7.999999999955696239e+01
1.755000000000000000e+03,5.213606515045557899e+01,8.000000000029808689e+01
1.770000000000000000e+03,5.213606514549017845e+01,8.000000000054023985e+01
1.785000000000000000e+03,5.213606514399574365e+01,8.000000000026392399e+01
1.800000000000000000e+03,5.213606514595711872e+01,7.999999999987244337e+01
1.815000000000000000e+03,5.213606514858835084e+01,7.999999999972055775e+01
1.830000000000000000e+03,5.213606514954171445e+01,7.999999999984629540e+01
1.845000000000000000e+03,5.213606514864034125e+01,8.000000000005132961e+01
1.860000000000000000e+03,5.213606514725836405e+01,8.000000000014324542e+01
1.875000000000000000e+03,5.213606514667309000e+01,8.000000000008799361e+01
1.890000000000000000e+03,5.213606514707461770e+01,7.999999999998152589e+01
1.905000000000000000e+03,5.213606514779569778e+01,7.999999999992712674e+01
1.920000000000000000e+03,5.213606514814502901e+01,7.999999999995031885e+01
1.935000000000000000e+03,5.213606514797230318e+01,8.000000000000528644e+01
1.950000000000000000e+03,5.213606514759946009e+01,8.000000000003672085e+01
1.965000000000000000e+03,5.213606514739504405e+01,8.000000000002773959e+01
1.980000000000000000e+03,5.213606514746528831e+01,7.999999999999954525e+01
