Time (s), Heater (%), Temperature (°C)
0.000000000000000000e+00,0.000000000000000000e+00,3.000000000000000000e+01
1.500000000000000000e+01,0.000000000000000000e+00,3.000000000000000000e+01
3.000000000000000000e+01,0.000000000000000000e+00,3.000000000000000000e+01
4.500000000000000000e+01,0.000000000000000000e+00,3.000000000000000000e+01
6.000000000000000000e+01,0.000000000000000000e+00,3.000000000000000000e+01
7.500000000000000000e+01,1.000000000000000000e+02,3.000000000000000000e+01
9.000000000000000000e+01,2.527429630016763440e+01,4.000548457134914315e+01
1.050000000000000000e+02,1.339553660952464043e+01,4.159600484652668229e+01
1.200000000000000000e+02,1.152033507428814119e+01,4.184708712611745796e+01
1.350000000000000000e+02,1.122464653936344803e+01,4.188667868467939570e+01
1.500000000000000000e+02,1.117802964076906846e+01,4.189292050826293234e+01
1.650000000000000000e+02,1.117068044150477135e+01,4.189390453780310963e+01
1.800000000000000000e+02,1.116952183826992950e+01,4.189405967032399758e+01
1.950000000000000000e+02,1.116933918428725292e+01,4.189408412699037854e+01
2.100000000000000000e+02,1.116931038886161787e+01,4.189408798258722300e+01
2.250000000000000000e+02,1.116930584925916037e+01,4.189408859042254107e+01
2.400000000000000000e+02,1.116930513359017141e+01,4.189408868624786919e+01
2.550000000000000000e+02,1.116930502076485254e+01,4.189408870135474672e+01
2.700000000000000000e+02,1.116930500297775097e+01,4.189408870373637228e+01
2.850000000000000000e+02,1.116930500017411987e+01,4.189408870411176622e+01
3.000000000000000000e+02,1.116930499973176438e+01,4.189408870417099706e+01
3.150000000000000000e+02,1.116930499966213119e+01,4.189408870418031938e+01
3.300000000000000000e+02,1.116930499965070567e+01,4.189408870418185415e+01
3.450000000000000000e+02,1.116930499964939827e+01,4.189408870418202468e+01
3.600000000000000000e+02,1.116930499964900037e+01,4.189408870418208153e+01
3.750000000000000000e+02,1.116930499964900037e+01,4.189408870418208153e+01
3.900000000000000000e+02,1.116930499964900037e+01,4.189408870418208153e+01
4.050000000000000000e+02,1.116930499964900037e+01,4.189408870418208153e+01
4.200000000000000000e+02,1.116930499964900037e+01,4.189408870418208153e+01
4.350000000000000000e+02,1.116930499964900037e+01,4.189408870418208153e+01
4.500000000000000000e+02,1.116930499964900037e+01,4.189408870418208153e+01
4.650000000000000000e+02,1.116930499964900037e+01,4.189408870418208153e+01
4.800000000000000000e+02,1.116930499964900037e+01,4.189408870418208153e+01
4.950000000000000000e+02,1.116930499964900037e+01,4.189408870418208153e+01
5.100000000000000000e+02,1.116930499964900037e+01,4.189408870418208153e+01
5.250000000000000000e+02,1.116930499964900037e+01,4.189408870418208153e+01
5.400000000000000000e+02,1.116930499964900037e+01,4.189408870418208153e+01
5.550000000000000000e+02,1.116930499964900037e+01,4.189408870418208153e+01
5.700000000000000000e+02,1.116930499964900037e+01,4.189408870418208153e+01
5.850000000000000000e+02,1.116930499964900037e+01,4.189408870418208153e+01
6.000000000000000000e+02,1.116930499964900037e+01,4.189408870418208153e+01
6.150000000000000000e+02,1.116930499964900037e+01,4.189408870418208153e+01
6.300000000000000000e+02,1.116930499964900037e+01,4.189408870418208153e+01
6.450000000000000000e+02,1.116930499964900037e+01,4.189408870418208153e+01
6.600000000000000000e+02,1.116930499964900037e+01,4.189408870418208153e+01
6.750000000000000000e+02,1.116930499964900037e+01,4.189408870418208153e+01
6.900000000000000000e+02,1.116930499964900037e+01,4.189408870418208153e+01
7.050000000000000000e+02,1.116930499964900037e+01,4.189408870418208153e+01
7.200000000000000000e+02,1.116930499964900037e+01,4.189408870418208153e+01
7.350000000000000000e+02,1.116930499964900037e+01,4.189408870418208153e+01
7.500000000000000000e+02,1.116930499964900037e+01,4.189408870418208153e+01
7.650000000000000000e+02,1.116930499964900037e+01,4.189408870418208153e+01
7.800000000000000000e+02,1.116930499964900037e+01,4.189408870418208153e+01
7.950000000000000000e+02,1.116930499964900037e+01,4.189408870418208153e+01
8.100000000000000000e+02,1.116930499964900037e+01,4.189408870418208153e+01
8.250000000000000000e+02,1.116930499964900037e+01,4.189408870418208153e+01
8.400000000000000000e+02,1.116930499964900037e+01,4.189408870418208153e+01
8.550000000000000000e+02,1.116930499964900037e+01,4.189408870418208153e+01
8.700000000000000000e+02,1.116930499964900037e+01,4.189408870418208153e+01
8.850000000000000000e+02,1.116930499964900037e+01,4.189408870418208153e+01
9.000000000000000000e+02,1.116930499964900037e+01,4.189408870418208153e+01
9.150000000000000000e+02,1.116930499964900037e+01,4.189408870418208153e+01
9.300000000000000000e+02,1.116930499964900037e+01,4.189408870418208153e+01
9.450000000000000000e+02,1.116930499964900037e+01,4.189408870418208153e+01
9.600000000000000000e+02,1.116930499964900037e+01,4.189408870418208153e+01
9.750000000000000000e+02,1.116930499964900037e+01,4.189408870418208153e+01
9.900000000000000000e+02,1.116930499964900037e+01,4.189408870418208153e+01
1.005000000000000000e+03,1.116930499964900037e+01,4.189408870418208153e+01
1.020000000000000000e+03,1.116930499964900037e+01,4.189408870418208153e+01
1.035000000000000000e+03,1.116930499964900037e+01,4.189408870418208153e+01
1.050000000000000000e+03,1.116930499964900037e+01,4.189408870418208153e+01
1.065000000000000000e+03,1.116930499964900037e+01,4.189408870418208153e+01
1.080000000000000000e+03,1.116930499964900037e+01,4.189408870418208153e+01
1.095000000000000000e+03,1.116930499964900037e+01,4.189408870418208153e+01
1.110000000000000000e+03,1.116930499964900037e+01,4.189408870418208153e+01
1.125000000000000000e+03,1.116930499964900037e+01,4.189408870418208153e+01
1.140000000000000000e+03,1.116930499964900037e+01,4.189408870418208153e+01
1.155000000000000000e+03,1.116930499964900037e+01,4.189408870418208153e+01
1.170000000000000000e+03,1.116930499964900037e+01,4.189408870418208153e+01
1.185000000000000000e+03,1.116930499964900037e+01,4.189408870418208153e+01
1.200000000000000000e+03,1.116930499964900037e+01,4.189408870418208153e+01
1.215000000000000000e+03,1.116930499964900037e+01,4.189408870418208153e+01
1.230000000000000000e+03,1.116930499964900037e+01,4.189408870418208153e+01
1.245000000000000000e+03,1.116930499964900037e+01,4.189408870418208153e+01
1.260000000000000000e+03,1.116930499964900037e+01,4.189408870418208153e+01
1.275000000000000000e+03,1.116930499964900037e+01,4.189408870418208153e+01
1.290000000000000000e+03,1.116930499964900037e+01,4.189408870418208153e+01
1.305000000000000000e+03,1.116930499964900037e+01,4.189408870418208153e+01
1.320000000000000000e+03,1.116930499964900037e+01,4.189408870418208153e+01
1.335000000000000000e+03,1.116930499964900037e+01,4.189408870418208153e+01
1.350000000000000000e+03,1.116930499964900037e+01,4.189408870418208153e+01
1.365000000000000000e+03,1.116930499964900037e+01,4.189408870418208153e+01
1.380000000000000000e+03,1.116930499964900037e+01,4.189408870418208153e+01
1.395000000000000000e+03,1.116930499964900037e+01,4.189408870418208153e+01
1.410000000000000000e+03,1.116930499964900037e+01,4.189408870418208153e+01
1.425000000000000000e+03,1.116930499964900037e+01,4.189408870418208153e+01
1.440000000000000000e+03,1.116930499964900037e+01,4.189408870418208153e+01
1.455000000000000000e+03,1.116930499964900037e+01,4.189408870418208153e+01
1.470000000000000000e+03,1.116930499964900037e+01,4.189408870418208153e+01
1.485000000000000000e+03,1.116930499964900037e+01,4.189408870418208153e+01
1.500000000000000000e+03,1.116930499964900037e+01,4.189408870418208153e+01
1.515000000000000000e+03,1.116930499964900037e+01,4.189408870418208153e+01
1.530000000000000000e+03,1.116930499964900037e+01,4.189408870418208153e+01
1.545000000000000000e+03,1.116930499964900037e+01,4.189408870418208153e+01
1.560000000000000000e+03,1.116930499964900037e+01,4.189408870418208153e+01
1.575000000000000000e+03,1.116930499964900037e+01,4.189408870418208153e+01
1.590000000000000000e+03,1.116930499964900037e+01,4.189408870418208153e+01
1.605000000000000000e+03,1.116930499964900037e+01,4.189408870418208153e+01
1.620000000000000000e+03,1.116930499964900037e+01,4.189408870418208153e+01
1.635000000000000000e+03,1.116930499964900037e+01,4.189408870418208153e+01
1.650000000000000000e+03,1.116930499964900037e+01,4.189408870418208153e+01
1.665000000000000000e+03,1.116930499964900037e+01,4.189408870418208153e+01
1.680000000000000000e+03,1.116930499964900037e+01,4.189408870418208153e+01
1.695000000000000000e+03,1.116930499964900037e+01,4.189408870418208153e+01
1.710000000000000000e+03,1.116930499964900037e+01,4.189408870418208153e+01
1.725000000000000000e+03,1.116930499964900037e+01,4.189408870418208153e+01
1.740000000000000000e+03,1.116930499964900037e+01,4.189408870418208153e+01
1.755000000000000000e+03,1.116930499964900037e+01,4.189408870418208153e+01
1.770000000000000000e+03,1.116930499964900037e+01,4.189408870418208153e+01
1.785000000000000000e+03,1.116930499964900037e+01,4.189408870418208153e+01
1.800000000000000000e+03,1.116930499964900037e+01,4.189408870418208153e+01
1.815000000000000000e+03,1.116930499964900037e+01,4.189408870418208153e+01
1.830000000000000000e+03,1.116930499964900037e+01,4.189408870418208153e+01
1.845000000000000000e+03,1.116930499964900037e+01,4.189408870418208153e+01
1.860000000000000000e+03,1.116930499964900037e+01,4.189408870418208153e+01
1.875000000000000000e+03,1.116930499964900037e+01,4.189408870418208153e+01
1.890000000000000000e+03,1.116930499964900037e+01,4.189408870418208153e+01
1.905000000000000000e+03,1.116930499964900037e+01,4.189408870418208153e+01
1.920000000000000000e+03,1.116930499964900037e+01,4.189408870418208153e+01
1.935000000000000000e+03,1.116930499964900037e+01,4.189408870418208153e+01
1.950000000000000000e+03,1.116930499964900037e+01,4.189408870418208153e+01
1.965000000000000000e+03,1.116930499964900037e+01,4.189408870418208153e+01
1.980000000000000000e+03,1.116930499964900037e+01,4.189408870418208153e+01
