Time (s), Heater (%), Temperature (°C)
0.000000000000000000e+00,0.000000000000000000e+00,3.000000000000000000e+01
1.500000000000000000e+01,0.000000000000000000e+00,3.000000000000000000e+01
3.000000000000000000e+01,0.000000000000000000e+00,3.000000000000000000e+01
4.500000000000000000e+01,0.000000000000000000e+00,3.000000000000000000e+01
6.000000000000000000e+01,0.000000000000000000e+00,3.000000000000000000e+01
7.500000000000000000e+01,1.000000000000000000e+02,3.000000000000000000e+01
9.000000000000000000e+01,1.000000000000000000e+02,4.000548457134914315e+01
1.050000000000000000e+02,1.000000000000000000e+02,4.905284092670416385e+01
1.200000000000000000e+02,1.000000000000000000e+02,5.719329417469316468e+01
1.350000000000000000e+02,1.000000000000000000e+02,6.448330046297542140e+01
1.500000000000000000e+02,1.000000000000000000e+02,7.098287855972432681e+01
1.650000000000000000e+02,1.000000000000000000e+02,7.675395316440460647e+01
1.800000000000000000e+02,6.877507806469782281e+01,8.185882078253570171e+01
1.950000000000000000e+02,5.341817122287438480e+01,8.328071187040819723e+01
2.100000000000000000e+02,3.850167600469412577e+01,8.301885101440365133e+01
2.250000000000000000e+02,4.104434506316421505e+01,8.131701953112485626e+01
2.400000000000000000e+02,4.357827672252744122e+01,8.006735593278540364e+01
2.550000000000000000e+02,5.121629694450794545e+01,7.921466966923441078e+01
2.700000000000000000e+02,5.366303323466252806e+01,7.921590363920944355e+01
2.850000000000000000e+02,5.582053499767050653e+01,7.945855913822089178e+01
3.000000000000000000e+02,5.426753648928488616e+01,7.988578314805039327e+01
3.150000000000000000e+02,5.339272913598633608e+01,8.010958461257814633e+01
3.300000000000000000e+02,5.175125858688357283e+01,8.022074869852662005e+01
3.450000000000000000e+02,5.152753741972611579e+01,8.015683285936631819e+01
3.600000000000000000e+02,5.130200454902447404e+01,8.007834640683915950e+01
3.750000000000000000e+02,5.181120516027917233e+01,7.998681853236877259e+01
3.900000000000000000e+02,5.201249399993972133e+01,7.995630016335843493e+01
4.050000000000000000e+02,5.232777725413328085e+01,7.994923358793562329e+01
4.200000000000000000e+02,5.229639824219162136e+01,7.997411767368043911e+01
4.350000000000000000e+02,5.230011484336166916e+01,7.999298279705169534e+01
4.500000000000000000e+02,5.216584407592417705e+01,8.000999961619010037e+01
4.650000000000000000e+02,5.213205998853586465e+01,8.001176475563607937e+01
4.800000000000000000e+02,5.207803932418415371e+01,8.000998790236837976e+01
4.950000000000000000e+02,5.210243472061131342e+01,8.000308750928496693e+01
5.100000000000000000e+02,5.210823811703917130e+01,7.999940540299121494e+01
5.250000000000000000e+02,5.213927060511382905e+01,7.999672850324600404e+01
5.400000000000000000e+02,5.214223629609394806e+01,7.999742905741607046e+01
5.550000000000000000e+02,5.215034505852011648e+01,7.999834008420629061e+01
5.700000000000000000e+02,5.214169597063126815e+01,7.999994452514135901e+01
5.850000000000000000e+02,5.213990423627420512e+01,8.000050684015172919e+01
6.000000000000000000e+02,5.213341300229384956e+01,8.000082626859574475e+01
6.150000000000000000e+02,5.213403628059860750e+01,8.000046745873618192e+01
6.300000000000000000e+02,5.213301077708828046e+01,8.000021230414694173e+01
6.450000000000000000e+02,5.213543296736973076e+01,7.999988588693742031e+01
6.600000000000000000e+02,5.213572977460591318e+01,7.999983688614833000e+01
6.750000000000000000e+02,5.213697711233115939e+01,7.999982293619677876e+01
6.900000000000000000e+02,5.213653893730914035e+01,7.999993374512348510e+01
7.050000000000000000e+02,5.213664244722757246e+01,7.999998829140901080e+01
7.200000000000000000e+02,5.213604768098490183e+01,8.000004664972499313e+01
7.350000000000000000e+02,5.213604400612454270e+01,8.000003944779075482e+01
7.500000000000000000e+02,5.213582149878786254e+01,8.000003272881150451e+01
7.650000000000000000e+02,5.213597962462316815e+01,8.000000483580811306e+01
7.800000000000000000e+02,5.213596971580368233e+01,7.999999582625258654e+01
7.950000000000000000e+02,5.213610301160368721e+01,7.999998689657758177e+01
8.100000000000000000e+02,5.213608388549788231e+01,7.999999217268225493e+01
8.250000000000000000e+02,5.213612138627879489e+01,7.999999494136125122e+01
8.400000000000000000e+02,5.213607554592983462e+01,8.000000108651209985e+01
8.550000000000000000e+02,5.213607833052093810e+01,8.000000198531006390e+01
8.700000000000000000e+02,5.213605045759238976e+01,8.000000305342479123e+01
8.850000000000000000e+02,5.213605978200173041e+01,8.000000124486649611e+01
9.000000000000000000e+02,5.213605353748822324e+01,8.000000056906168311e+01
9.150000000000000000e+02,5.213606529732493300e+01,7.999999935623708325e+01
9.300000000000000000e+02,5.213606383662352073e+01,7.999999944660521578e+01
9.450000000000000000e+02,5.213606937309834422e+01,7.999999938218070383e+01
9.600000000000000000e+02,5.213606618491919420e+01,7.999999987180927974e+01
9.750000000000000000e+02,5.213606731605582212e+01,7.999999998924801048e+01
9.900000000000000000e+02,5.213606453765082449e+01,8.000000020454740479e+01
1.005000000000000000e+03,5.213606517272916818e+01,8.000000012031750884e+01
1.020000000000000000e+03,5.213606410482529441e+01,8.000000010866494904e+01
1.035000000000000000e+03,5.213606503061789255e+01,7.999999999297131126e+01
1.050000000000000000e+03,5.213606478098864727e+01,7.999999998224501496e+01
1.065000000000000000e+03,5.213606539975693011e+01,7.999999994813816784e+01
1.080000000000000000e+03,5.213606517271471574e+01,7.999999997911299943e+01
1.095000000000000000e+03,5.213606537937334195e+01,7.999999998403995960e+01
1.110000000000000000e+03,5.213606513629526518e+01,8.000000000878702622e+01
1.125000000000000000e+03,5.213606520366384700e+01,8.000000000663470701e+01
1.140000000000000000e+03,5.213606507133406609e+01,8.000000001138482730e+01
1.155000000000000000e+03,5.213606514214934862e+01,8.000000000251532128e+01
1.170000000000000000e+03,5.213606510022884066e+01,8.000000000167727876e+01
1.185000000000000000e+03,5.213606515974683475e+01,7.999999999679982920e+01
1.200000000000000000e+03,5.213606513978797352e+01,7.999999999836990128e+01
1.215000000000000000e+03,5.213606516749236164e+01,7.999999999778555093e+01
1.230000000000000000e+03,5.213606514744620313e+01,8.000000000000443379e+01
1.245000000000000000e+03,5.213606515671978769e+01,7.999999999998402700e+01
1.260000000000000000e+03,5.213606514285558546e+01,8.000000000088141405e+01
1.275000000000000000e+03,5.213606514877743336e+01,8.000000000030490810e+01
1.290000000000000000e+03,5.213606514296967021e+01,8.000000000038062353e+01
1.305000000000000000e+03,5.213606514825200833e+01,7.999999999987420551e+01
1.320000000000000000e+03,5.213606514599572250e+01,7.999999999994861355e+01
1.335000000000000000e+03,5.213606514911684542e+01,7.999999999979161203e+01
1.350000000000000000e+03,5.213606514742586739e+01,7.999999999996111910e+01
1.365000000000000000e+03,5.213606514867267094e+01,7.999999999994389555e+01
1.380000000000000000e+03,5.213606514735714370e+01,8.000000000005161382e+01
1.395000000000000000e+03,5.213606514794163616e+01,8.000000000001693934e+01
1.410000000000000000e+03,5.213606514725425711e+01,8.000000000004399681e+01
1.425000000000000000e+03,5.213606514771376510e+01,8.000000000000000000e+01
1.440000000000000000e+03,5.213606514743422338e+01,8.000000000000653699e+01
1.455000000000000000e+03,5.213606514774957645e+01,7.999999999998470912e+01
1.470000000000000000e+03,5.213606514759236887e+01,7.999999999999658939e+01
1.485000000000000000e+03,5.213606514774459555e+01,7.999999999999153033e+01
1.500000000000000000e+03,5.213606514762415856e+01,8.000000000000210321e+01
1.515000000000000000e+03,5.213606514768989086e+01,7.999999999999960210e+01
1.530000000000000000e+03,5.213606514761760025e+01,8.000000000000380851e+01
1.545000000000000000e+03,5.213606514765788802e+01,8.000000000000045475e+01
1.560000000000000000e+03,5.213606514762589939e+01,8.000000000000142109e+01
1.575000000000000000e+03,5.213606514765432820e+01,7.999999999999914735e+01
1.590000000000000000e+03,5.213606514764010313e+01,7.999999999999988631e+01
1.605000000000000000e+03,5.213606514765452005e+01,7.999999999999920419e+01
1.620000000000000000e+03,5.213606514764631328e+01,7.999999999999994316e+01
1.635000000000000000e+03,5.213606514765061917e+01,7.999999999999988631e+01
1.650000000000000000e+03,5.213606514764683908e+01,8.000000000000017053e+01
1.665000000000000000e+03,5.213606514764758515e+01,8.000000000000011369e+01
1.680000000000000000e+03,5.213606514764649802e+01,8.000000000000011369e+01
1.695000000000000000e+03,5.213606514764651934e+01,8.000000000000005684e+01
1.710000000000000000e+03,5.213606514764673960e+01,8.000000000000000000e+01
1.725000000000000000e+03,5.213606514764739330e+01,7.999999999999994316e+01
1.740000000000000000e+03,5.213606514764759225e+01,7.999999999999994316e+01
1.755000000000000000e+03,5.213606514764801858e+01,7.999999999999994316e+01
1.770000000000000000e+03,5.213606514764756383e+01,8.000000000000000000e+01
1.785000000000000000e+03,5.213606514764779121e+01,8.000000000000000000e+01
1.800000000000000000e+03,5.213606514764779121e+01,8.000000000000000000e+01
1.815000000000000000e+03,5.213606514764779121e+01,8.000000000000000000e+01
1.830000000000000000e+03,5.213606514764779121e+01,8.000000000000000000e+01
1.845000000000000000e+03,5.213606514764779121e+01,8.000000000000000000e+01
1.860000000000000000e+03,5.213606514764779121e+01,8.000000000000000000e+01
1.875000000000000000e+03,5.213606514764779121e+01,8.000000000000000000e+01
1.890000000000000000e+03,5.213606514764779121e+01,8.000000000000000000e+01
1.905000000000000000e+03,5.213606514764779121e+01,8.000000000000000000e+01
1.920000000000000000e+03,5.213606514764779121e+01,8.000000000000000000e+01
1.935000000000000000e+03,5.213606514764779121e+01,8.000000000000000000e+01
1.950000000000000000e+03,5.213606514764779121e+01,8.000000000000000000e+01
1.965000000000000000e+03,5.213606514764779121e+01,8.000000000000000000e+01
1.980000000000000000e+03,5.213606514764779121e+01,8.000000000000000000e+01
