Time (s), Heater (%), Temperature (°C)
0.000000000000000000e+00,0.000000000000000000e+00,3.000000000000000000e+01
1.500000000000000000e+01,0.000000000000000000e+00,3.000000000000000000e+01
3.000000000000000000e+01,0.000000000000000000e+00,3.000000000000000000e+01
4.500000000000000000e+01,0.000000000000000000e+00,3.000000000000000000e+01
6.000000000000000000e+01,0.000000000000000000e+00,3.000000000000000000e+01
7.500000000000000000e+01,1.000000000000000000e+02,3.000000000000000000e+01
9.000000000000000000e+01,1.000000000000000000e+02,4.000548457134914315e+01
1.050000000000000000e+02,1.000000000000000000e+02,4.905284092670416385e+01
1.200000000000000000e+02,1.000000000000000000e+02,5.719329417469316468e+01
1.350000000000000000e+02,1.000000000000000000e+02,6.448330046297542140e+01
1.500000000000000000e+02,1.000000000000000000e+02,7.098287855972432681e+01
1.650000000000000000e+02,1.000000000000000000e+02,7.675395316440460647e+01
1.800000000000000000e+02,7.244723329588796901e+01,8.185882078253570171e+01
1.950000000000000000e+02,5.370643657248930936e+01,8.364282064166411601e+01
2.100000000000000000e+02,4.008544983245075599e+01,8.336613438403463761e+01
2.250000000000000000e+02,3.865702839301663829e+01,8.177925150037879121e+01
2.400000000000000000e+02,4.246209688419514094e+01,8.023948048170450420e+01
2.550000000000000000e+02,4.884765317218607095e+01,7.925642305876954197e+01
2.700000000000000000e+02,5.349517087633544321e+01,7.901890780903607947e+01
2.850000000000000000e+02,5.567060917934905717e+01,7.926803330043935603e+01
3.000000000000000000e+02,5.541216153628135999e+01,7.970278193783570941e+01
3.150000000000000000e+02,5.400201510550358108e+01,8.006104873329195470e+01
3.300000000000000000e+02,5.245365337299968189e+01,8.023805381869493658e+01
3.450000000000000000e+02,5.147425899245641290e+01,8.024143007665725236e+01
3.600000000000000000e+02,5.118493516565283841e+01,8.014774320750200332e+01
3.750000000000000000e+02,5.140484064393384500e+01,8.003650846663708762e+01
3.900000000000000000e+02,5.181652981465476415e+01,7.996004441408473440e+01
4.050000000000000000e+02,5.217426323733641169e+01,7.993319492878026722e+01
4.200000000000000000e+02,5.235817623488804884e+01,7.994480876122821655e+01
4.350000000000000000e+02,5.237277847742372927e+01,7.997321295170581834e+01
4.500000000000000000e+02,5.228666113262983828e+01,7.999972358522342120e+01
4.650000000000000000e+02,5.217881888816669544e+01,8.001462087723086825e+01
4.800000000000000000e+02,5.210159816844550562e+01,8.001712402418468173e+01
4.950000000000000000e+02,5.207223615039592346e+01,8.001171103835798704e+01
5.100000000000000000e+02,5.208121479815446975e+01,8.000403548632147022e+01
5.250000000000000000e+02,5.210803959978451871e+01,7.999814751115889067e+01
5.400000000000000000e+02,5.213414643110899505e+01,7.999559872267298033e+01
5.550000000000000000e+02,5.214947943897858806e+01,7.999592614741129637e+01
5.700000000000000000e+02,5.215270106403180250e+01,7.999772859987035645e+01
5.850000000000000000e+02,5.214788541593702575e+01,7.999963739807424190e+01
6.000000000000000000e+02,5.214049843274691654e+01,8.000084671825931082e+01
6.150000000000000000e+02,5.213461403748943468e+01,8.000118488752457324e+01
6.300000000000000000e+02,5.213190728567632704e+01,8.000090251696724408e+01
6.450000000000000000e+02,5.213204999967565101e+01,8.000038612905655100e+01
6.600000000000000000e+02,5.213372592433903918e+01,7.999994446508242163e+01
6.750000000000000000e+02,5.213559114492790059e+01,7.999972008886976482e+01
6.900000000000000000e+02,5.213682040436719234e+01,7.999970617014594154e+01
7.050000000000000000e+02,5.213720608155849590e+01,7.999981522218621421e+01
7.200000000000000000e+02,5.213696768559830730e+01,7.999994953776729290e+01
7.350000000000000000e+02,5.213647583314681810e+01,8.000004454999839254e+01
7.500000000000000000e+02,5.213603809422841096e+01,8.000007985618248085e+01
7.650000000000000000e+02,5.213580458639984982e+01,8.000006780869296108e+01
7.800000000000000000e+02,5.213577787820453580e+01,8.000003412705740402e+01
7.950000000000000000e+02,5.213587718578053654e+01,8.000000176421360720e+01
8.100000000000000000e+02,5.213600732944809124e+01,7.999998300392354622e+01
8.250000000000000000e+02,5.213610293838571863e+01,7.999997929263821561e+01
8.400000000000000000e+02,5.213614126477144595e+01,7.999998545440990938e+01
8.550000000000000000e+02,5.213613238918947701e+01,7.999999467571171863e+01
8.700000000000000000e+02,5.213610070298106791e+01,8.000000193811928284e+01
8.850000000000000000e+02,5.213606888577740506e+01,8.000000522009077031e+01
9.000000000000000000e+02,5.213604964517709561e+01,8.000000497609954664e+01
9.150000000000000000e+02,5.213604507205565852e+01,8.000000286157973051e+01
9.300000000000000000e+02,5.213605050173501354e+01,8.000000054395934512e+01
9.450000000000000000e+02,5.213605935440571670e+01,7.999999903443267613e+01
9.600000000000000000e+02,5.213606659755559747e+01,7.999999857598191966e+01
9.750000000000000000e+02,5.213607006288246026e+01,7.999999888631339218e+01
9.900000000000000000e+02,5.213607004240697052e+01,7.999999950225577550e+01
1.005000000000000000e+03,5.213606808495144662e+01,8.000000004384992280e+01
1.020000000000000000e+03,5.213606582486832508e+01,8.000000032863295019e+01
1.035000000000000000e+03,5.213606429446637947e+01,8.000000035688958633e+01
1.050000000000000000e+03,5.213606377968634575e+01,8.000000023076688649e+01
1.065000000000000000e+03,5.213606403629714947e+01,8.000000006864189572e+01
1.080000000000000000e+03,5.213606462133541442e+01,7.999999995088364813e+01
1.095000000000000000e+03,5.213606515704113065e+01,7.999999990470053035e+01
1.110000000000000000e+03,5.213606545223832001e+01,7.999999991681829670e+01
1.125000000000000000e+03,5.213606549586376104e+01,7.999999995665115193e+01
1.140000000000000000e+03,5.213606538176659200e+01,7.999999999611270596e+01
1.155000000000000000e+03,5.213606522501811469e+01,8.000000001967833896e+01
1.170000000000000000e+03,5.213606510679044703e+01,8.000000002500462415e+01
1.185000000000000000e+03,5.213606505706150784e+01,8.000000001803556415e+01
1.200000000000000000e+03,5.213606506532586593e+01,8.000000000697633595e+01
1.215000000000000000e+03,5.213606510266723859e+01,7.999999999803145556e+01
1.230000000000000000e+03,5.213606514138736969e+01,7.999999999382271199e+01
1.245000000000000000e+03,5.213606516548223624e+01,7.999999999393014605e+01
1.260000000000000000e+03,5.213606517183654177e+01,7.999999999640334636e+01
1.275000000000000000e+03,5.213606516576623306e+01,7.999999999921328708e+01
1.290000000000000000e+03,5.213606515517443540e+01,8.000000000109412213e+01
1.305000000000000000e+03,5.213606514627159783e+01,8.000000000170865633e+01
1.320000000000000000e+03,5.213606514185050855e+01,8.000000000137225697e+01
1.335000000000000000e+03,5.213606514168861850e+01,8.000000000063892003e+01
1.350000000000000000e+03,5.213606514396683878e+01,7.999999999997572786e+01
1.365000000000000000e+03,5.213606514670100722e+01,7.999999999961534058e+01
1.380000000000000000e+03,5.213606514860391883e+01,7.999999999956708052e+01
1.395000000000000000e+03,5.213606514928486035e+01,7.999999999971231546e+01
1.410000000000000000e+03,5.213606514901454148e+01,7.999999999990768629e+01
1.425000000000000000e+03,5.213606514831994332e+01,8.000000000005343281e+01
1.440000000000000000e+03,5.213606514766443212e+01,8.000000000011357315e+01
1.455000000000000000e+03,5.213606514729183061e+01,8.000000000010197709e+01
1.470000000000000000e+03,5.213606514722570751e+01,8.000000000005491074e+01
1.485000000000000000e+03,5.213606514735632658e+01,8.000000000000682121e+01
1.500000000000000000e+03,5.213606514754517463e+01,7.999999999997726263e+01
1.515000000000000000e+03,5.213606514769046640e+01,7.999999999996987299e+01
1.530000000000000000e+03,5.213606514775521106e+01,7.999999999997766054e+01
1.545000000000000000e+03,5.213606514774819800e+01,7.999999999999090505e+01
1.560000000000000000e+03,5.213606514770403066e+01,8.000000000000193268e+01
1.575000000000000000e+03,5.213606514765665167e+01,8.000000000000733280e+01
1.590000000000000000e+03,5.213606514762692967e+01,8.000000000000738964e+01
1.605000000000000000e+03,5.213606514761833211e+01,8.000000000000449063e+01
1.620000000000000000e+03,5.213606514762450672e+01,8.000000000000113687e+01
1.635000000000000000e+03,5.213606514763701227e+01,7.999999999999880629e+01
1.650000000000000000e+03,5.213606514764893518e+01,7.999999999999789679e+01
1.665000000000000000e+03,5.213606514765411504e+01,7.999999999999829470e+01
1.680000000000000000e+03,5.213606514765501032e+01,7.999999999999914735e+01
1.695000000000000000e+03,5.213606514765199762e+01,8.000000000000000000e+01
1.710000000000000000e+03,5.213606514764878597e+01,8.000000000000045475e+01
1.725000000000000000e+03,5.213606514764663302e+01,8.000000000000051159e+01
1.740000000000000000e+03,5.213606514764581590e+01,8.000000000000034106e+01
1.755000000000000000e+03,5.213606514764535405e+01,8.000000000000017053e+01
1.770000000000000000e+03,5.213606514764668987e+01,7.999999999999994316e+01
1.785000000000000000e+03,5.213606514764706645e+01,7.999999999999988631e+01
1.800000000000000000e+03,5.213606514764759936e+01,7.999999999999988631e+01
1.815000000000000000e+03,5.213606514764830280e+01,7.999999999999988631e+01
1.830000000000000000e+03,5.213606514764828148e+01,7.999999999999994316e+01
1.845000000000000000e+03,5.213606514764807542e+01,8.000000000000000000e+01
1.860000000000000000e+03,5.213606514764752120e+01,8.000000000000005684e+01
1.875000000000000000e+03,5.213606514764734357e+01,8.000000000000005684e+01
1.890000000000000000e+03,5.213606514764698829e+01,8.000000000000005684e+01
1.905000000000000000e+03,5.213606514764736488e+01,8.000000000000000000e+01
1.920000000000000000e+03,5.213606514764718725e+01,8.000000000000000000e+01
1.935000000000000000e+03,5.213606514764718725e+01,8.000000000000000000e+01
1.950000000000000000e+03,5.213606514764718725e+01,8.000000000000000000e+01
1.965000000000000000e+03,5.213606514764718725e+01,8.000000000000000000e+01
1.980000000000000000e+03,5.213606514764718725e+01,8.000000000000000000e+01
