Time (s), Heater (%), Temperature (°C)
0.000000000000000000e+00,0.000000000000000000e+00,3.000000000000000000e+01
1.500000000000000000e+01,0.000000000000000000e+00,3.000000000000000000e+01
3.000000000000000000e+01,0.000000000000000000e+00,3.000000000000000000e+01
4.500000000000000000e+01,0.000000000000000000e+00,3.000000000000000000e+01
6.000000000000000000e+01,0.000000000000000000e+00,3.000000000000000000e+01
7.500000000000000000e+01,1.000000000000000000e+02,3.000000000000000000e+01
9.000000000000000000e+01,1.000000000000000000e+02,4.000548457134914315e+01
1.050000000000000000e+02,9.559689365649688852e+01,4.905284092670416385e+01
1.200000000000000000e+02,8.691642908721928507e+01,5.675522755127065011e+01
1.350000000000000000e+02,7.850105944081525422e+01,6.279277739821850446e+01
1.500000000000000000e+02,7.163431881661495026e+01,6.734692685363933151e+01
1.650000000000000000e+02,6.640333804860074451e+01,7.071991945551764047e+01
1.800000000000000000e+02,6.253725401476325629e+01,7.319768880549145251e+01
1.950000000000000000e+02,5.971610797027084061e+01,7.501220731182922918e+01
2.100000000000000000e+02,5.766620501805706311e+01,7.634021405282010164e+01
2.250000000000000000e+02,5.617703293385962127e+01,7.731264906117496594e+01
2.400000000000000000e+02,5.509357733626021059e+01,7.802536538657699339e+01
2.550000000000000000e+02,5.430367469239570255e+01,7.854823511324048013e+01
2.700000000000000000e+02,5.372660327432837590e+01,7.893216413228321926e+01
2.850000000000000000e+02,5.330425223268137103e+01,7.921427978333440478e+01
3.000000000000000000e+02,5.299467476376094055e+01,7.942170374090363794e+01
3.150000000000000000e+02,5.276748749645650349e+01,7.957428102891475419e+01
3.300000000000000000e+02,5.260060848376395626e+01,7.968655355428819576e+01
3.450000000000000000e+02,5.247794153802965411e+01,7.976919018775197401e+01
3.600000000000000000e+02,5.238772497607663325e+01,7.983002588202720062e+01
3.750000000000000000e+02,5.232134765996955394e+01,7.987481876973890849e+01
3.900000000000000000e+02,5.227249553676526972e+01,7.990780310906848172e+01
4.050000000000000000e+02,5.223653351666584399e+01,7.993209393085857073e+01
4.200000000000000000e+02,5.221005604367787356e+01,7.994998362998097718e+01
4.350000000000000000e+02,5.219055929795160864e+01,7.996315962378503173e+01
4.500000000000000000e+02,5.217620152801461586e+01,7.997286423488463925e+01
4.650000000000000000e+02,5.216562749055457004e+01,7.998001221805469640e+01
4.800000000000000000e+02,5.215783966736727706e+01,7.998527719827825422e+01
4.950000000000000000e+02,5.215210369447810734e+01,7.998915526918148089e+01
5.100000000000000000e+02,5.214787885977616355e+01,7.999201180059424132e+01
5.250000000000000000e+02,5.214476699353831179e+01,7.999411589587055005e+01
5.400000000000000000e+02,5.214247486782588226e+01,7.999566576172549048e+01
5.550000000000000000e+02,5.214078652515597412e+01,7.999680738949126635e+01
5.700000000000000000e+02,5.213954290948166204e+01,7.999764831241185448e+01
5.850000000000000000e+02,5.213862686976799665e+01,7.999826773748606001e+01
6.000000000000000000e+02,5.213795211761781445e+01,7.999872400763251790e+01
6.150000000000000000e+02,5.213745509560667557e+01,7.999906009781631155e+01
6.300000000000000000e+02,5.213708898865380803e+01,7.999930766323041098e+01
6.450000000000000000e+02,5.213681931341383802e+01,7.999949002104864348e+01
6.600000000000000000e+02,5.213662066974873710e+01,7.999962434671510891e+01
6.750000000000000000e+02,5.213647434803876024e+01,7.999972329169577279e+01
6.900000000000000000e+02,5.213636656681391912e+01,7.999979617509859509e+01
7.050000000000000000e+02,5.213628717464300877e+01,7.999984986141339505e+01
7.200000000000000000e+02,5.213622869396386506e+01,7.999988940705321738e+01
7.350000000000000000e+02,5.213618561678548957e+01,7.999991853659554408e+01
7.500000000000000000e+02,5.213615388590063304e+01,7.999993999358309793e+01
7.650000000000000000e+02,5.213613051275468280e+01,7.999995579892367914e+01
7.800000000000000000e+02,5.213611329596324850e+01,7.999996744122910286e+01
7.950000000000000000e+02,5.213610061397578477e+01,7.999997601701903704e+01
8.100000000000000000e+02,5.213609127235119445e+01,7.999998233399583114e+01
8.250000000000000000e+02,5.213608439125686544e+01,7.999998698711777934e+01
8.400000000000000000e+02,5.213607932260202205e+01,7.999999041463473759e+01
8.550000000000000000e+02,5.213607558900222472e+01,7.999999293936366485e+01
8.700000000000000000e+02,5.213607283881061960e+01,7.999999479909382671e+01
8.850000000000000000e+02,5.213607081300303037e+01,7.999999616898202248e+01
9.000000000000000000e+02,5.213606932078182865e+01,7.999999717804962529e+01
9.150000000000000000e+02,5.213606822160219423e+01,7.999999792133485244e+01
9.300000000000000000e+02,5.213606741194129057e+01,7.999999846884293220e+01
9.450000000000000000e+02,5.213606681553989119e+01,7.999999887214067940e+01
9.600000000000000000e+02,5.213606637622670092e+01,7.999999916921223075e+01
9.750000000000000000e+02,5.213606605262594940e+01,7.999999938803688337e+01
9.900000000000000000e+02,5.213606581426007125e+01,7.999999954922435563e+01
1.005000000000000000e+03,5.213606563867843136e+01,7.999999966795598993e+01
1.020000000000000000e+03,5.213606550934347439e+01,7.999999975541447839e+01
1.035000000000000000e+03,5.213606541407514783e+01,7.999999981983683028e+01
1.050000000000000000e+03,5.213606534389937508e+01,7.999999986729079637e+01
1.065000000000000000e+03,5.213606529220766106e+01,7.999999990224563362e+01
1.080000000000000000e+03,5.213606525413144510e+01,7.999999992799354231e+01
1.095000000000000000e+03,5.213606522608408511e+01,7.999999994695963323e+01
1.110000000000000000e+03,5.213606520542474243e+01,7.999999996093009713e+01
1.125000000000000000e+03,5.213606519020633812e+01,7.999999997122091600e+01
1.140000000000000000e+03,5.213606517899659565e+01,7.999999997880115643e+01
1.155000000000000000e+03,5.213606517073883850e+01,7.999999998438488547e+01
1.170000000000000000e+03,5.213606516465677032e+01,7.999999998849779104e+01
1.185000000000000000e+03,5.213606516017676995e+01,7.999999999152737473e+01
1.200000000000000000e+03,5.213606515687677501e+01,7.999999999375899051e+01
1.215000000000000000e+03,5.213606515444576672e+01,7.999999999540284534e+01
1.230000000000000000e+03,5.213606515265501429e+01,7.999999999661372385e+01
1.245000000000000000e+03,5.213606515133641750e+01,7.999999999750559709e+01
1.260000000000000000e+03,5.213606515036450872e+01,7.999999999816265017e+01
1.275000000000000000e+03,5.213606514964870797e+01,7.999999999864661504e+01
1.290000000000000000e+03,5.213606514912246581e+01,7.999999999900296643e+01
1.305000000000000000e+03,5.213606514873408315e+01,7.999999999926558303e+01
1.320000000000000000e+03,5.213606514844804707e+01,7.999999999945902118e+01
1.335000000000000000e+03,5.213606514823678140e+01,7.999999999960158448e+01
1.350000000000000000e+03,5.213606514808164860e+01,7.999999999970651743e+01
1.365000000000000000e+03,5.213606514796686042e+01,7.999999999978388132e+01
1.380000000000000000e+03,5.213606514788243373e+01,7.999999999984083843e+01
1.395000000000000000e+03,5.213606514782065915e+01,7.999999999988273203e+01
1.410000000000000000e+03,5.213606514777557521e+01,7.999999999991354116e+01
1.425000000000000000e+03,5.213606514774215839e+01,7.999999999993627853e+01
1.440000000000000000e+03,5.213606514771702649e+01,7.999999999995310418e+01
1.455000000000000000e+03,5.213606514769846001e+01,7.999999999996549604e+01
1.470000000000000000e+03,5.213606514768496680e+01,7.999999999997459099e+01
1.485000000000000000e+03,5.213606514767538869e+01,7.999999999998124167e+01
1.500000000000000000e+03,5.213606514766762245e+01,7.999999999998624389e+01
1.515000000000000000e+03,5.213606514766257760e+01,7.999999999998982503e+01
1.530000000000000000e+03,5.213606514765867672e+01,7.999999999999249667e+01
1.545000000000000000e+03,5.213606514765565692e+01,7.999999999999448619e+01
1.560000000000000000e+03,5.213606514765374556e+01,7.999999999999590727e+01
1.575000000000000000e+03,5.213606514765213973e+01,7.999999999999698730e+01
1.590000000000000000e+03,5.213606514765052680e+01,7.999999999999783995e+01
1.605000000000000000e+03,5.213606514764968836e+01,7.999999999999840838e+01
1.620000000000000000e+03,5.213606514764880018e+01,7.999999999999886313e+01
1.635000000000000000e+03,5.213606514764889965e+01,7.999999999999909051e+01
1.650000000000000000e+03,5.213606514764863675e+01,7.999999999999931788e+01
1.665000000000000000e+03,5.213606514764843780e+01,7.999999999999948841e+01
1.680000000000000000e+03,5.213606514764796884e+01,7.999999999999965894e+01
1.695000000000000000e+03,5.213606514764808963e+01,7.999999999999971578e+01
1.710000000000000000e+03,5.213606514764811095e+01,7.999999999999977263e+01
1.725000000000000000e+03,5.213606514764803990e+01,7.999999999999982947e+01
1.740000000000000000e+03,5.213606514764788358e+01,7.999999999999988631e+01
1.755000000000000000e+03,5.213606514764763489e+01,7.999999999999994316e+01
1.770000000000000000e+03,5.213606514764772726e+01,7.999999999999994316e+01
1.785000000000000000e+03,5.213606514764781963e+01,7.999999999999994316e+01
1.800000000000000000e+03,5.213606514764748567e+01,8.000000000000000000e+01
1.815000000000000000e+03,5.213606514764748567e+01,8.000000000000000000e+01
1.830000000000000000e+03,5.213606514764748567e+01,8.000000000000000000e+01
1.845000000000000000e+03,5.213606514764748567e+01,8.000000000000000000e+01
1.860000000000000000e+03,5.213606514764748567e+01,8.000000000000000000e+01
1.875000000000000000e+03,5.213606514764748567e+01,8.000000000000000000e+01
1.890000000000000000e+03,5.213606514764748567e+01,8.000000000000000000e+01
1.905000000000000000e+03,5.213606514764748567e+01,8.000000000000000000e+01
1.920000000000000000e+03,5.213606514764748567e+01,8.000000000000000000e+01
1.935000000000000000e+03,5.213606514764748567e+01,8.000000000000000000e+01
1.950000000000000000e+03,5.213606514764748567e+01,8.000000000000000000e+01
1.965000000000000000e+03,5.213606514764748567e+01,8.000000000000000000e+01
1.980000000000000000e+03,5.213606514764748567e+01,8.000000000000000000e+01
