Time (s), Heater (%), Temperature (°C)
0.000000000000000000e+00,0.000000000000000000e+00,3.000000000000000000e+01
1.500000000000000000e+01,0.000000000000000000e+00,3.000000000000000000e+01
3.000000000000000000e+01,0.000000000000000000e+00,3.000000000000000000e+01
4.500000000000000000e+01,0.000000000000000000e+00,3.000000000000000000e+01
6.000000000000000000e+01,0.000000000000000000e+00,3.000000000000000000e+01
7.500000000000000000e+01,1.000000000000000000e+02,3.000000000000000000e+01
9.000000000000000000e+01,1.000000000000000000e+02,4.000548457134914315e+01
1.050000000000000000e+02,1.000000000000000000e+02,4.905284092670416385e+01
1.200000000000000000e+02,1.000000000000000000e+02,5.719329417469316468e+01
1.350000000000000000e+02,1.000000000000000000e+02,6.448330046297542140e+01
1.500000000000000000e+02,1.000000000000000000e+02,7.098287855972432681e+01
1.650000000000000000e+02,1.000000000000000000e+02,7.675395316440460647e+01
1.800000000000000000e+02,7.811956842196758544e+01,8.185882078253570171e+01
1.950000000000000000e+02,5.123550735147780699e+01,8.420210645096483404e+01
2.100000000000000000e+02,3.546894977543010441e+01,8.361489322691284087e+01
2.250000000000000000e+02,3.313717937230583743e+01,8.154307808026476323e+01
2.400000000000000000e+02,4.116213557012869728e+01,7.948637766455163955e+01
2.550000000000000000e+02,5.117873311894977917e+01,7.846311131291116681e+01
2.700000000000000000e+02,5.811164697261055778e+01,7.854837660663133647e+01
2.850000000000000000e+02,5.941473238092395093e+01,7.930829448323925135e+01
3.000000000000000000e+02,5.686159928459331070e+01,8.010793148325694801e+01
3.150000000000000000e+02,5.290371247667880539e+01,8.056165696106995711e+01
3.300000000000000000e+02,5.013466226694566075e+01,8.057137374098374494e+01
3.450000000000000000e+02,4.930760083003055172e+01,8.030666597159734010e+01
3.600000000000000000e+02,5.019120703723619670e+01,7.999145768430935277e+01
3.750000000000000000e+02,5.164391624844897422e+01,7.980048523002551519e+01
3.900000000000000000e+02,5.281374912622560203e+01,7.977532038404308423e+01
4.050000000000000000e+02,5.320025380947464555e+01,7.986858537553899851e+01
4.200000000000000000e+02,5.294620068307115446e+01,7.998905760483472704e+01
4.350000000000000000e+02,5.238711618023078387e+01,8.007030796858231270e+01
4.500000000000000000e+02,5.192599899192511970e+01,8.008683050613245769e+01
4.650000000000000000e+02,5.173174935336602687e+01,8.005589782166492796e+01
4.800000000000000000e+02,5.180955899737244152e+01,8.000942488491375570e+01
4.950000000000000000e+02,5.201088524841181027e+01,7.997608971730392113e+01
5.100000000000000000e+02,5.219988942344004101e+01,7.996654100334797022e+01
5.250000000000000000e+02,5.228505247637903608e+01,7.997676957224211947e+01
5.400000000000000000e+02,5.226860608383788787e+01,7.999420341061068029e+01
5.550000000000000000e+02,5.219332961878647836e+01,8.000796677116471756e+01
5.700000000000000000e+02,5.211986022132522578e+01,8.001268363253581128e+01
5.850000000000000000e+02,5.208088839189961305e+01,8.000959467734782038e+01
6.000000000000000000e+02,5.208363405104229571e+01,8.000302168235225508e+01
6.150000000000000000e+02,5.211002795218176686e+01,7.999749155061266492e+01
6.300000000000000000e+02,5.213939373981762060e+01,7.999521605137817915e+01
6.450000000000000000e+02,5.215586889522791125e+01,7.999610635651083612e+01
6.600000000000000000e+02,5.215688331157927138e+01,7.999851833192593631e+01
6.750000000000000000e+02,5.214735915209361394e+01,8.000074721267117184e+01
6.900000000000000000e+02,5.213611445625119956e+01,8.000177426629028332e+01
7.050000000000000000e+02,5.212896235552913993e+01,8.000157078889327522e+01
7.200000000000000000e+02,5.212797589601857595e+01,8.000068524390280800e+01
7.350000000000000000e+02,5.213118277302863390e+01,7.999980631427558819e+01
7.500000000000000000e+02,5.213557528702455102e+01,7.999934713390160823e+01
7.650000000000000000e+02,5.213852185919647297e+01,7.999937544410857981e+01
7.800000000000000000e+02,5.213921133084768655e+01,7.999969127694760118e+01
7.950000000000000000e+02,5.213811225501304847e+01,8.000003807869427419e+01
8.100000000000000000e+02,5.213645838202111094e+01,8.000023567084036813e+01
8.250000000000000000e+02,5.213522383176557895e+01,8.000024681205468369e+01
8.400000000000000000e+02,5.213486498796349622e+01,8.000013478642966902e+01
8.550000000000000000e+02,5.213520955551628333e+01,8.000000049510083500e+01
8.700000000000000000e+02,5.213584095161289156e+01,7.999991598414482041e+01
8.850000000000000000e+02,5.213633909220159524e+01,7.999990372003429684e+01
9.000000000000000000e+02,5.213652222278830095e+01,7.999994206593686386e+01
9.150000000000000000e+02,5.213641491167933850e+01,7.999999398531122097e+01
9.300000000000000000e+02,5.213618186127978049e+01,8.000002921569875980e+01
9.450000000000000000e+02,5.213597872174104708e+01,8.000003730547553005e+01
9.600000000000000000e+02,5.213589431525653595e+01,8.000002439404130428e+01
9.750000000000000000e+02,5.213592267930353330e+01,8.000000466723565751e+01
9.900000000000000000e+02,5.213600943212649241e+01,7.999999005658077067e+01
1.005000000000000000e+03,5.213608989968925300e+01,7.999998572468450675e+01
1.020000000000000000e+03,5.213612870937578236e+01,7.999998984416299663e+01
1.035000000000000000e+03,5.213612217264590498e+01,7.999999731069345899e+01
1.050000000000000000e+03,5.213609094781365627e+01,8.000000325524479194e+01
1.065000000000000000e+03,5.213605887283333118e+01,8.000000541965044931e+01
1.080000000000000000e+03,5.213604196669477631e+01,8.000000416387956648e+01
1.095000000000000000e+03,5.213604241962335806e+01,8.000000138681593853e+01
1.110000000000000000e+03,5.213605368845185950e+01,7.999999898055671110e+01
1.125000000000000000e+03,5.213606617151563682e+01,7.999999796916375772e+01
1.140000000000000000e+03,5.213607353021524915e+01,7.999999830869796824e+01
1.155000000000000000e+03,5.213607407201966026e+01,7.999999933471650593e+01
1.170000000000000000e+03,5.213607015544266687e+01,8.000000029373438792e+01
1.185000000000000000e+03,5.213606528286543096e+01,8.000000075354631690e+01
1.200000000000000000e+03,5.213606218812117987e+01,8.000000067840795737e+01
1.215000000000000000e+03,5.213606166133261155e+01,8.000000030662022255e+01
1.230000000000000000e+03,5.213606301456921699e+01,7.999999992649208025e+01
1.245000000000000000e+03,5.213606487684494084e+01,7.999999972457430886e+01
1.260000000000000000e+03,5.213606617657760722e+01,7.999999973018617538e+01
1.275000000000000000e+03,5.213606649100627521e+01,7.999999986343158298e+01
1.290000000000000000e+03,5.213606604621477203e+01,8.000000001206689149e+01
1.305000000000000000e+03,5.213606533441288349e+01,8.000000009934473155e+01
1.320000000000000000e+03,5.213606480176746061e+01,8.000000010611415746e+01
1.335000000000000000e+03,5.213606463327833040e+01,8.000000005951295634e+01
1.350000000000000000e+03,5.213606477593874899e+01,8.000000000175288051e+01
1.365000000000000000e+03,5.213606504261483110e+01,7.999999996485684051e+01
1.380000000000000000e+03,5.213606526040356215e+01,7.999999995861611524e+01
1.395000000000000000e+03,5.213606534192044251e+01,7.999999997460543000e+01
1.410000000000000000e+03,5.213606530004985729e+01,7.999999999676344942e+01
1.425000000000000000e+03,5.213606520043282444e+01,8.000000001218666057e+01
1.440000000000000000e+03,5.213606511306402780e+01,8.000000001596589527e+01
1.455000000000000000e+03,5.213606507486184682e+01,8.000000001067746780e+01
1.470000000000000000e+03,5.213606508604821244e+01,8.000000000223923280e+01
1.485000000000000000e+03,5.213606512249516101e+01,7.999999999589601885e+01
1.500000000000000000e+03,5.213606515743096992e+01,7.999999999389524419e+01
1.515000000000000000e+03,5.213606517451299993e+01,7.999999999557780939e+01
1.530000000000000000e+03,5.213606517234754278e+01,7.999999999874887635e+01
1.545000000000000000e+03,5.213606515910357331e+01,8.000000000133383082e+01
1.560000000000000000e+03,5.213606514535569403e+01,8.000000000230795649e+01
1.575000000000000000e+03,5.213606513783835794e+01,8.000000000181074711e+01
1.590000000000000000e+03,5.213606513786356800e+01,8.000000000062993877e+01
1.605000000000000000e+03,5.213606514256185420e+01,7.999999999959021579e+01
1.620000000000000000e+03,5.213606514794916080e+01,7.999999999913632109e+01
1.635000000000000000e+03,5.213606515116444484e+01,7.999999999926751570e+01
1.650000000000000000e+03,5.213606515149295006e+01,7.999999999970066256e+01
1.665000000000000000e+03,5.213606514984700624e+01,8.000000000011544898e+01
1.680000000000000000e+03,5.213606514776780898e+01,8.000000000031900527e+01
1.695000000000000000e+03,5.213606514640510881e+01,8.000000000029348257e+01
1.710000000000000000e+03,5.213606514615442222e+01,8.000000000013636736e+01
1.725000000000000000e+03,5.213606514670952663e+01,7.999999999997299938e+01
1.740000000000000000e+03,5.213606514750975407e+01,7.999999999988364152e+01
1.755000000000000000e+03,5.213606514807442238e+01,7.999999999988369837e+01
1.770000000000000000e+03,5.213606514822308213e+01,7.999999999993951860e+01
1.785000000000000000e+03,5.213606514804006764e+01,8.000000000000341061e+01
1.800000000000000000e+03,5.213606514773637457e+01,8.000000000004177991e+01
1.815000000000000000e+03,5.213606514750493659e+01,8.000000000004564527e+01
1.830000000000000000e+03,5.213606514742699716e+01,8.000000000002626166e+01
1.845000000000000000e+03,5.213606514748580878e+01,8.000000000000142109e+01
1.860000000000000000e+03,5.213606514759810295e+01,7.999999999998533440e+01
1.875000000000000000e+03,5.213606514769359990e+01,7.999999999998220801e+01
1.890000000000000000e+03,5.213606514772990153e+01,7.999999999998885869e+01
1.905000000000000000e+03,5.213606514771411327e+01,7.999999999999829470e+01
1.920000000000000000e+03,5.213606514767150202e+01,8.000000000000505906e+01
1.935000000000000000e+03,5.213606514763404221e+01,8.000000000000682121e+01
1.950000000000000000e+03,5.213606514761605126e+01,8.000000000000471800e+01
1.965000000000000000e+03,5.213606514762074795e+01,8.000000000000108002e+01
1.980000000000000000e+03,5.213606514763537803e+01,7.999999999999835154e+01
