Time (s), Heater (%), Temperature (°C)
0.000000000000000000e+00,0.000000000000000000e+00,3.000000000000000000e+01
1.500000000000000000e+01,0.000000000000000000e+00,3.000000000000000000e+01
3.000000000000000000e+01,0.000000000000000000e+00,3.000000000000000000e+01
4.500000000000000000e+01,0.000000000000000000e+00,3.000000000000000000e+01
6.000000000000000000e+01,0.000000000000000000e+00,3.000000000000000000e+01
7.500000000000000000e+01,1.000000000000000000e+02,3.000000000000000000e+01
9.000000000000000000e+01,1.000000000000000000e+02,4.000548457134914315e+01
1.050000000000000000e+02,1.000000000000000000e+02,4.905284092670416385e+01
1.200000000000000000e+02,9.357709175334076690e+01,5.719329417469316468e+01
1.350000000000000000e+02,8.411562870254866198e+01,6.384568639808156831e+01
1.500000000000000000e+02,7.535996805531971177e+01,6.884144906361007088e+01
1.650000000000000000e+02,6.841150701008058377e+01,7.241667483999970045e+01
1.800000000000000000e+02,6.329399749813244824e+01,7.490101209525982995e+01
1.950000000000000000e+02,5.967962178965991171e+01,7.659542301373818418e+01
2.100000000000000000e+02,5.719038038287730785e+01,7.773726670506329128e+01
2.250000000000000000e+02,5.550277414687794675e+01,7.850074281230871520e+01
2.400000000000000000e+02,5.437006528153081319e+01,7.900861854354587877e+01
2.550000000000000000e+02,5.361471450216758683e+01,7.934532773153756580e+01
2.700000000000000000e+02,5.311313208980091360e+01,7.956806180241898119e+01
2.850000000000000000e+02,5.278098437381171948e+01,7.971518462489041212e+01
3.000000000000000000e+02,5.256143767316604709e+01,7.981226933659291944e+01
3.150000000000000000e+02,5.241649426212421048e+01,7.987629312775936796e+01
3.300000000000000000e+02,5.232087994281793186e+01,7.991849636467276241e+01
3.450000000000000000e+02,5.225783982941524641e+01,7.994630798253734838e+01
3.600000000000000000e+02,5.221629109972876392e+01,7.996463214579512169e+01
3.750000000000000000e+02,5.218891344036074287e+01,7.997670380235831544e+01
3.900000000000000000e+02,5.217087634562943066e+01,7.998465573402012296e+01
4.050000000000000000e+02,5.215899430320664010e+01,7.998989359052114878e+01
4.200000000000000000e+02,5.215116749185992973e+01,7.999334358058541739e+01
4.350000000000000000e+02,5.214601214473731972e+01,7.999561590745287276e+01
4.500000000000000000e+02,5.214261654143733438e+01,7.999711254317639941e+01
4.650000000000000000e+02,5.214038005397006970e+01,7.999809826914639643e+01
4.800000000000000000e+02,5.213890703104358693e+01,7.999874749039446442e+01
4.950000000000000000e+02,5.213793686045838882e+01,7.999917507966779340e+01
5.100000000000000000e+02,5.213729788578611846e+01,7.999945669687417649e+01
5.250000000000000000e+02,5.213687704572998882e+01,7.999964217401577571e+01
5.400000000000000000e+02,5.213659987394093775e+01,7.999976433169723578e+01
5.550000000000000000e+02,5.213641732473445956e+01,7.999984478624355688e+01
5.700000000000000000e+02,5.213629709548175839e+01,7.999989777454402429e+01
5.850000000000000000e+02,5.213621791104421277e+01,7.999993267323208102e+01
6.000000000000000000e+02,5.213616575926207020e+01,7.999995565788771046e+01
6.150000000000000000e+02,5.213613141151941477e+01,7.999997079582664128e+01
6.300000000000000000e+02,5.213610878972419727e+01,7.999998076583199236e+01
6.450000000000000000e+02,5.213609389076896150e+01,7.999998733218097868e+01
6.600000000000000000e+02,5.213608407816184354e+01,7.999999165684579339e+01
6.750000000000000000e+02,5.213607761547720543e+01,7.999999450511421628e+01
6.900000000000000000e+02,5.213607335908718454e+01,7.999999638101269284e+01
7.050000000000000000e+02,5.213607055578495419e+01,7.999999761649849006e+01
7.200000000000000000e+02,5.213606870950125227e+01,7.999999843020196977e+01
7.350000000000000000e+02,5.213606749351993130e+01,7.999999896611529948e+01
7.500000000000000000e+02,5.213606669266318505e+01,7.999999931907308337e+01
7.650000000000000000e+02,5.213606616521005321e+01,7.999999955153475639e+01
7.800000000000000000e+02,5.213606581782430283e+01,7.999999970463630916e+01
7.950000000000000000e+02,5.213606558903226329e+01,7.999999980547056566e+01
8.100000000000000000e+02,5.213606543834868035e+01,7.999999987188084560e+01
8.250000000000000000e+02,5.213606533910609642e+01,7.999999991561946899e+01
8.400000000000000000e+02,5.213606527374378885e+01,7.999999994442617890e+01
8.550000000000000000e+02,5.213606523069535825e+01,7.999999996339857944e+01
8.700000000000000000e+02,5.213606520234339570e+01,7.999999997589395662e+01
8.850000000000000000e+02,5.213606518367102183e+01,7.999999998412346258e+01
9.000000000000000000e+02,5.213606517137217367e+01,7.999999998954365310e+01
9.150000000000000000e+02,5.213606516327327967e+01,7.999999999311324927e+01
9.300000000000000000e+02,5.213606515793931351e+01,7.999999999546423624e+01
9.450000000000000000e+02,5.213606515442581468e+01,7.999999999701270781e+01
9.600000000000000000e+02,5.213606515211144199e+01,7.999999999803259243e+01
9.750000000000000000e+02,5.213606515058740598e+01,7.999999999870425427e+01
9.900000000000000000e+02,5.213606514958370042e+01,7.999999999914660975e+01
1.005000000000000000e+03,5.213606514892276778e+01,7.999999999943793227e+01
1.020000000000000000e+03,5.213606514848765272e+01,7.999999999962977881e+01
1.035000000000000000e+03,5.213606514820065740e+01,7.999999999975619858e+01
1.050000000000000000e+03,5.213606514801230674e+01,7.999999999983936050e+01
1.065000000000000000e+03,5.213606514788736490e+01,7.999999999989427124e+01
1.080000000000000000e+03,5.213606514780546064e+01,7.999999999993036681e+01
1.095000000000000000e+03,5.213606514775160150e+01,7.999999999995412736e+01
1.110000000000000000e+03,5.213606514771628042e+01,7.999999999996975930e+01
1.125000000000000000e+03,5.213606514769269751e+01,7.999999999998010480e+01
1.140000000000000000e+03,5.213606514767707978e+01,7.999999999998692601e+01
1.155000000000000000e+03,5.213606514766674849e+01,7.999999999999141664e+01
1.170000000000000000e+03,5.213606514765991307e+01,7.999999999999437250e+01
1.185000000000000000e+03,5.213606514765588429e+01,7.999999999999624833e+01
1.200000000000000000e+03,5.213606514765278632e+01,7.999999999999755573e+01
1.215000000000000000e+03,5.213606514765076128e+01,7.999999999999840838e+01
1.230000000000000000e+03,5.213606514764975941e+01,7.999999999999891998e+01
1.245000000000000000e+03,5.213606514764912703e+01,7.999999999999926104e+01
1.260000000000000000e+03,5.213606514764873623e+01,7.999999999999948841e+01
1.275000000000000000e+03,5.213606514764836675e+01,7.999999999999965894e+01
1.290000000000000000e+03,5.213606514764771305e+01,7.999999999999982947e+01
1.305000000000000000e+03,5.213606514764759225e+01,7.999999999999988631e+01
1.320000000000000000e+03,5.213606514764778410e+01,7.999999999999988631e+01
1.335000000000000000e+03,5.213606514764756383e+01,7.999999999999994316e+01
1.350000000000000000e+03,5.213606514764766331e+01,7.999999999999994316e+01
1.365000000000000000e+03,5.213606514764776279e+01,7.999999999999994316e+01
1.380000000000000000e+03,5.213606514764786226e+01,7.999999999999994316e+01
1.395000000000000000e+03,5.213606514764754962e+01,8.000000000000000000e+01
1.410000000000000000e+03,5.213606514764754962e+01,8.000000000000000000e+01
1.425000000000000000e+03,5.213606514764754962e+01,8.000000000000000000e+01
1.440000000000000000e+03,5.213606514764754962e+01,8.000000000000000000e+01
1.455000000000000000e+03,5.213606514764754962e+01,8.000000000000000000e+01
1.470000000000000000e+03,5.213606514764754962e+01,8.000000000000000000e+01
1.485000000000000000e+03,5.213606514764754962e+01,8.000000000000000000e+01
1.500000000000000000e+03,5.213606514764754962e+01,8.000000000000000000e+01
1.515000000000000000e+03,5.213606514764754962e+01,8.000000000000000000e+01
1.530000000000000000e+03,5.213606514764754962e+01,8.000000000000000000e+01
1.545000000000000000e+03,5.213606514764754962e+01,8.000000000000000000e+01
1.560000000000000000e+03,5.213606514764754962e+01,8.000000000000000000e+01
1.575000000000000000e+03,5.213606514764754962e+01,8.000000000000000000e+01
1.590000000000000000e+03,5.213606514764754962e+01,8.000000000000000000e+01
1.605000000000000000e+03,5.213606514764754962e+01,8.000000000000000000e+01
1.620000000000000000e+03,5.213606514764754962e+01,8.000000000000000000e+01
1.635000000000000000e+03,5.213606514764754962e+01,8.000000000000000000e+01
1.650000000000000000e+03,5.213606514764754962e+01,8.000000000000000000e+01
1.665000000000000000e+03,5.213606514764754962e+01,8.000000000000000000e+01
1.680000000000000000e+03,5.213606514764754962e+01,8.000000000000000000e+01
1.695000000000000000e+03,5.213606514764754962e+01,8.000000000000000000e+01
1.710000000000000000e+03,5.213606514764754962e+01,8.000000000000000000e+01
1.725000000000000000e+03,5.213606514764754962e+01,8.000000000000000000e+01
1.740000000000000000e+03,5.213606514764754962e+01,8.000000000000000000e+01
1.755000000000000000e+03,5.213606514764754962e+01,8.000000000000000000e+01
1.770000000000000000e+03,5.213606514764754962e+01,8.000000000000000000e+01
1.785000000000000000e+03,5.213606514764754962e+01,8.000000000000000000e+01
1.800000000000000000e+03,5.213606514764754962e+01,8.000000000000000000e+01
1.815000000000000000e+03,5.213606514764754962e+01,8.000000000000000000e+01
1.830000000000000000e+03,5.213606514764754962e+01,8.000000000000000000e+01
1.845000000000000000e+03,5.213606514764754962e+01,8.000000000000000000e+01
1.860000000000000000e+03,5.213606514764754962e+01,8.000000000000000000e+01
1.875000000000000000e+03,5.213606514764754962e+01,8.000000000000000000e+01
1.890000000000000000e+03,5.213606514764754962e+01,8.000000000000000000e+01
1.905000000000000000e+03,5.213606514764754962e+01,8.000000000000000000e+01
1.920000000000000000e+03,5.213606514764754962e+01,8.000000000000000000e+01
1.935000000000000000e+03,5.213606514764754962e+01,8.000000000000000000e+01
1.950000000000000000e+03,5.213606514764754962e+01,8.000000000000000000e+01
1.965000000000000000e+03,5.213606514764754962e+01,8.000000000000000000e+01
1.980000000000000000e+03,5.213606514764754962e+01,8.000000000000000000e+01
