Time (s), Heater (%), Temperature (°C)
0.000000000000000000e+00,0.000000000000000000e+00,3.000000000000000000e+01
1.500000000000000000e+01,0.000000000000000000e+00,3.000000000000000000e+01
3.000000000000000000e+01,0.000000000000000000e+00,3.000000000000000000e+01
4.500000000000000000e+01,0.000000000000000000e+00,3.000000000000000000e+01
6.000000000000000000e+01,0.000000000000000000e+00,3.000000000000000000e+01
7.500000000000000000e+01,1.000000000000000000e+02,3.000000000000000000e+01
9.000000000000000000e+01,2.896373231918767033e+01,4.000548457134914315e+01
1.050000000000000000e+02,1.505589514827960329e+01,4.196440857985169259e+01
1.200000000000000000e+02,1.234950331717658401e+01,4.234560487005938967e+01
1.350000000000000000e+02,1.182349478589651426e+01,4.241969336620292097e+01
1.500000000000000000e+02,1.172128521435342918e+01,4.243408962215085012e+01
1.650000000000000000e+02,1.170142562561903787e+01,4.243688685256796589e+01
1.800000000000000000e+02,1.169756688995852301e+01,4.243743035691267096e+01
1.950000000000000000e+02,1.169681713551716484e+01,4.243753596010299134e+01
2.100000000000000000e+02,1.169667145787070694e+01,4.243755647885336657e+01
2.250000000000000000e+02,1.169664315263645449e+01,4.243756046565607676e+01
2.400000000000000000e+02,1.169663765291591062e+01,4.243756124029374632e+01
2.550000000000000000e+02,1.169663658431773001e+01,4.243756139080619505e+01
2.700000000000000000e+02,1.169663637668867295e+01,4.243756142005082665e+01
2.850000000000000000e+02,1.169663633634627331e+01,4.243756142573306533e+01
3.000000000000000000e+02,1.169663632850807744e+01,4.243756142683707822e+01
3.150000000000000000e+02,1.169663632698461697e+01,4.243756142705166212e+01
3.300000000000000000e+02,1.169663632668880382e+01,4.243756142709332835e+01
3.450000000000000000e+02,1.169663632663110775e+01,4.243756142710145696e+01
3.600000000000000000e+02,1.169663632662019381e+01,4.243756142710299173e+01
3.750000000000000000e+02,1.169663632661814745e+01,4.243756142710327595e+01
3.900000000000000000e+02,1.169663632661774955e+01,4.243756142710333279e+01
4.050000000000000000e+02,1.169663632661774955e+01,4.243756142710333279e+01
4.200000000000000000e+02,1.169663632661774955e+01,4.243756142710333279e+01
4.350000000000000000e+02,1.169663632661774955e+01,4.243756142710333279e+01
4.500000000000000000e+02,1.169663632661774955e+01,4.243756142710333279e+01
4.650000000000000000e+02,1.169663632661774955e+01,4.243756142710333279e+01
4.800000000000000000e+02,1.169663632661774955e+01,4.243756142710333279e+01
4.950000000000000000e+02,1.169663632661774955e+01,4.243756142710333279e+01
5.100000000000000000e+02,1.169663632661774955e+01,4.243756142710333279e+01
5.250000000000000000e+02,1.169663632661774955e+01,4.243756142710333279e+01
5.400000000000000000e+02,1.169663632661774955e+01,4.243756142710333279e+01
5.550000000000000000e+02,1.169663632661774955e+01,4.243756142710333279e+01
5.700000000000000000e+02,1.169663632661774955e+01,4.243756142710333279e+01
5.850000000000000000e+02,1.169663632661774955e+01,4.243756142710333279e+01
6.000000000000000000e+02,1.169663632661774955e+01,4.243756142710333279e+01
6.150000000000000000e+02,1.169663632661774955e+01,4.243756142710333279e+01
6.300000000000000000e+02,1.169663632661774955e+01,4.243756142710333279e+01
6.450000000000000000e+02,1.169663632661774955e+01,4.243756142710333279e+01
6.600000000000000000e+02,1.169663632661774955e+01,4.243756142710333279e+01
6.750000000000000000e+02,1.169663632661774955e+01,4.243756142710333279e+01
6.900000000000000000e+02,1.169663632661774955e+01,4.243756142710333279e+01
7.050000000000000000e+02,1.169663632661774955e+01,4.243756142710333279e+01
7.200000000000000000e+02,1.169663632661774955e+01,4.243756142710333279e+01
7.350000000000000000e+02,1.169663632661774955e+01,4.243756142710333279e+01
7.500000000000000000e+02,1.169663632661774955e+01,4.243756142710333279e+01
7.650000000000000000e+02,1.169663632661774955e+01,4.243756142710333279e+01
7.800000000000000000e+02,1.169663632661774955e+01,4.243756142710333279e+01
7.950000000000000000e+02,1.169663632661774955e+01,4.243756142710333279e+01
8.100000000000000000e+02,1.169663632661774955e+01,4.243756142710333279e+01
8.250000000000000000e+02,1.169663632661774955e+01,4.243756142710333279e+01
8.400000000000000000e+02,1.169663632661774955e+01,4.243756142710333279e+01
8.550000000000000000e+02,1.169663632661774955e+01,4.243756142710333279e+01
8.700000000000000000e+02,1.169663632661774955e+01,4.243756142710333279e+01
8.850000000000000000e+02,1.169663632661774955e+01,4.243756142710333279e+01
9.000000000000000000e+02,1.169663632661774955e+01,4.243756142710333279e+01
9.150000000000000000e+02,1.169663632661774955e+01,4.243756142710333279e+01
9.300000000000000000e+02,1.169663632661774955e+01,4.243756142710333279e+01
9.450000000000000000e+02,1.169663632661774955e+01,4.243756142710333279e+01
9.600000000000000000e+02,1.169663632661774955e+01,4.243756142710333279e+01
9.750000000000000000e+02,1.169663632661774955e+01,4.243756142710333279e+01
9.900000000000000000e+02,1.169663632661774955e+01,4.243756142710333279e+01
1.005000000000000000e+03,1.169663632661774955e+01,4.243756142710333279e+01
1.020000000000000000e+03,1.169663632661774955e+01,4.243756142710333279e+01
1.035000000000000000e+03,1.169663632661774955e+01,4.243756142710333279e+01
1.050000000000000000e+03,1.169663632661774955e+01,4.243756142710333279e+01
1.065000000000000000e+03,1.169663632661774955e+01,4.243756142710333279e+01
1.080000000000000000e+03,1.169663632661774955e+01,4.243756142710333279e+01
1.095000000000000000e+03,1.169663632661774955e+01,4.243756142710333279e+01
1.110000000000000000e+03,1.169663632661774955e+01,4.243756142710333279e+01
1.125000000000000000e+03,1.169663632661774955e+01,4.243756142710333279e+01
1.140000000000000000e+03,1.169663632661774955e+01,4.243756142710333279e+01
1.155000000000000000e+03,1.169663632661774955e+01,4.243756142710333279e+01
1.170000000000000000e+03,1.169663632661774955e+01,4.243756142710333279e+01
1.185000000000000000e+03,1.169663632661774955e+01,4.243756142710333279e+01
1.200000000000000000e+03,1.169663632661774955e+01,4.243756142710333279e+01
1.215000000000000000e+03,1.169663632661774955e+01,4.243756142710333279e+01
1.230000000000000000e+03,1.169663632661774955e+01,4.243756142710333279e+01
1.245000000000000000e+03,1.169663632661774955e+01,4.243756142710333279e+01
1.260000000000000000e+03,1.169663632661774955e+01,4.243756142710333279e+01
1.275000000000000000e+03,1.169663632661774955e+01,4.243756142710333279e+01
1.290000000000000000e+03,1.169663632661774955e+01,4.243756142710333279e+01
1.305000000000000000e+03,1.169663632661774955e+01,4.243756142710333279e+01
1.320000000000000000e+03,1.169663632661774955e+01,4.243756142710333279e+01
1.335000000000000000e+03,1.169663632661774955e+01,4.243756142710333279e+01
1.350000000000000000e+03,1.169663632661774955e+01,4.243756142710333279e+01
1.365000000000000000e+03,1.169663632661774955e+01,4.243756142710333279e+01
1.380000000000000000e+03,1.169663632661774955e+01,4.243756142710333279e+01
1.395000000000000000e+03,1.169663632661774955e+01,4.243756142710333279e+01
1.410000000000000000e+03,1.169663632661774955e+01,4.243756142710333279e+01
1.425000000000000000e+03,1.169663632661774955e+01,4.243756142710333279e+01
1.440000000000000000e+03,1.169663632661774955e+01,4.243756142710333279e+01
1.455000000000000000e+03,1.169663632661774955e+01,4.243756142710333279e+01
1.470000000000000000e+03,1.169663632661774955e+01,4.243756142710333279e+01
1.485000000000000000e+03,1.169663632661774955e+01,4.243756142710333279e+01
1.500000000000000000e+03,1.169663632661774955e+01,4.243756142710333279e+01
1.515000000000000000e+03,1.169663632661774955e+01,4.243756142710333279e+01
1.530000000000000000e+03,1.169663632661774955e+01,4.243756142710333279e+01
1.545000000000000000e+03,1.169663632661774955e+01,4.243756142710333279e+01
1.560000000000000000e+03,1.169663632661774955e+01,4.243756142710333279e+01
1.575000000000000000e+03,1.169663632661774955e+01,4.243756142710333279e+01
1.590000000000000000e+03,1.169663632661774955e+01,4.243756142710333279e+01
1.605000000000000000e+03,1.169663632661774955e+01,4.243756142710333279e+01
1.620000000000000000e+03,1.169663632661774955e+01,4.243756142710333279e+01
1.635000000000000000e+03,1.169663632661774955e+01,4.243756142710333279e+01
1.650000000000000000e+03,1.169663632661774955e+01,4.243756142710333279e+01
1.665000000000000000e+03,1.169663632661774955e+01,4.243756142710333279e+01
1.680000000000000000e+03,1.169663632661774955e+01,4.243756142710333279e+01
1.695000000000000000e+03,1.169663632661774955e+01,4.243756142710333279e+01
1.710000000000000000e+03,1.169663632661774955e+01,4.243756142710333279e+01
1.725000000000000000e+03,1.169663632661774955e+01,4.243756142710333279e+01
1.740000000000000000e+03,1.169663632661774955e+01,4.243756142710333279e+01
1.755000000000000000e+03,1.169663632661774955e+01,4.243756142710333279e+01
1.770000000000000000e+03,1.169663632661774955e+01,4.243756142710333279e+01
1.785000000000000000e+03,1.169663632661774955e+01,4.243756142710333279e+01
1.800000000000000000e+03,1.169663632661774955e+01,4.243756142710333279e+01
1.815000000000000000e+03,1.169663632661774955e+01,4.243756142710333279e+01
1.830000000000000000e+03,1.169663632661774955e+01,4.243756142710333279e+01
1.845000000000000000e+03,1.169663632661774955e+01,4.243756142710333279e+01
1.860000000000000000e+03,1.169663632661774955e+01,4.243756142710333279e+01
1.875000000000000000e+03,1.169663632661774955e+01,4.243756142710333279e+01
1.890000000000000000e+03,1.169663632661774955e+01,4.243756142710333279e+01
1.905000000000000000e+03,1.169663632661774955e+01,4.243756142710333279e+01
1.920000000000000000e+03,1.169663632661774955e+01,4.243756142710333279e+01
1.935000000000000000e+03,1.169663632661774955e+01,4.243756142710333279e+01
1.950000000000000000e+03,1.169663632661774955e+01,4.243756142710333279e+01
1.965000000000000000e+03,1.169663632661774955e+01,4.243756142710333279e+01
1.980000000000000000e+03,1.169663632661774955e+01,4.243756142710333279e+01
